$ANSIBLE_VAULT;1.1;AES256
65386164326162613435326264656164373132333062616462316365656237613564663463656465
6333313061333738373766386531323661613537396330640a313339626461323461623630366164
65383032666635363663623633393432353634613933326233626139343462323834366566613065
6166383936383730360a356662623637363164353932633832376236363965366333633037643662
34363038653832663464373332363734373234666437353163633163663663656265323366356433
39613534373964376630386461363562363634373264643230373438633366383936636365643834
35633964333338353436656130396631316562656161393064303833323166646436343931623734
66353231663435316532313838343832333262336133343537303637326664336262396236653132
61356464343130356563313231306439623331383639346664326461366130383766633830393335
30376134396338643031303438393434663332383932386262656334386564303964623639653235
62353066356163303933343862326361643437313964643562343538393335313766353232643031
39356338653638623565643363343736393737323633333563363533393065303337646564613931
32656136333039376266616139303737636666306531326461373636613661646138323365663532
34666165393036356239623933653732616331626335346436333730333537306561326361376161
65636661643366646166363631623037306132646339363635643061363065656466616661653538
35396266346636623039336330353263303033303231336435636531663636666362656436323933
33313566663136363531323639626635623763346534626561363662353339386565313633653461
34303339613533663134313037633237626634343365616466316165333039366630613965656431
31636330333461306136616239396164373665353432626537383030386538373866373263306264
32393736373938376133646635333739363233373235613232643134633238383238373033313030
36643464656466333933333037373238373435343134393039303866333337393835313364653138
61396238303431353436343666343838336565333236323037366661343764376637363664653032
31313839666537326266383236386335376636333838653064613839636236653662366462323231
36623439613032663737636330353465306264313461313661363637363534613530613836643631
32373737386266323462636332623562353763353734663130343239393134336338643036363631
31323135383037306230623736346461363461613865336165643765393066306132346133356533
30366137343539376236343930346232643935666636336138396137656432306232623031396362
39353334383663633639663737306261383464313934613561326237386431623265613134323339
39383463643033316135643365376166303239616665633337616136636134633337643261623832
61666461323862326434383364393365613136363762376634653664366338626437613932386634
65623738376463373564323963653562313364323063616364626230373931363333653362313162
31613566343566663461396139303331623961623062623766323564616135376133363138356263
61383831333034323334663430623231363635633533663037653035393639386332303430303366
33343765313838316539336339323530663736613633383734323231366635396636343035636263
36636362343839303638613862316363343033303161336562396261656665313864373165666565
66306161333366366161363164663264306332646261633562303633396431383561383539643533
64643231393330656436356463633639386238646230656463306462326632383332336261643761
35316364653263333764393537643030613561366431373538386537653262313233313933326239
35303534656565383465376361643732363037363233633966316637343937646261346430643838
39306532363138393136306430633236383537353530346638343866303465316563303133636461
34373035346561326437383739393164363930656665646638323962653662316363646232353261
34636536343364323731623165303031343237366432666664623834383365626136323061396233
35666566373532616564663664626537623163336133663266633633646332393366656134383434
37626431366339323538343564373834343065393963336538313634643037646332636535343766
61383039326231633064303831333535306532383766313565363866353564643136643066303431
62623836313665633433373164636366366632663163616434636233623037323663313630383962
35393333653763616136386461653737613664363432653136386138316266336135646563373234
66633565633666336433653831383632653931316336313161313139643739396166343638343064
35396337343436623263383465633062313039346231643436313634396165373335643265356665
63373964356261383433623164653463626434333832373164353839373365353166633933363763
65633834616431303263626661653965306139363638656265646637383638346630613339316664
34393333653362356664383064336433656534316539393366373962663462383361356132643731
30303266623630383266666165343037646265386638353465653339353565343731643138306339
33643636663038313032376662633662643166623138313933323463616665646231353637663137
35656362663930613063306631336537326435373435343433373334323133636537336139333237
66333864633766383265623638633237366463303335306331646561393637376632373966356433
66616661393564626263643266343664303063653364613138633664643762653963613432383462
63623034656138373065386138643334326262636430356563306236326136393831386132663934
38366661373565313265646634333738383862646434336539653835333962323664643964656634
33383438656432346137643838623333396431626466636239666435663234353262653436613365
33303037313261323638316330313161363032373866623031656539333863646432306538633930
36353038326661663233643664653464653338346636376261636237386361626333663938626138
31353866326466363736653739636465343832616232633934623866623336653063346638313231
30653838313534323133613835333164336364663565656662316633363066623362356666333036
63393536346161613338353033326537326332643832316139666161633964356339326335313039
38626366326133336165373432646364343632623134356637343833373434326234353332346161
32663735303834316162336461663135663834646435303962323162666661343163306631656434
32353839613661313465353761333033303937663037396639656237616636616635636537396330
32386334363934663531373832623931613339356631663965333439366264633764633638396633
32356636613935613339313731356566626463346530356663396164613263353732396464353638
62633766313633386339623965326166613566626239396632323939303134346366633661343938
66373939303461666566343033353636393939613136336163373433336666613763393738376234
35613762656461363136363139373430336366633736663832356137326538663931656338323834
34383331303561303836303036643863353339343438666630313165656633306231313361326562
38346135623761633033653833333963316336306334313730356232396638383665316263376535
33323664356662353666336363636565633433616164333239373436393832336134343831653132
39616539636635333164656533616630646565666362613930656661393230653562333331316437
31313064643136613063376330383930366333373239383965323264313537663437316337653562
63653339626337316431383134653334343765373464333935366465353735663433646662393738
65306531303339316362316634353762663136303666353664656235363537376364336364363634
65363639303163373435336265333130376364626262613662356633303431656130333539636532
37626235353533353339633239366465623635653166383036346331656230386136663832353565
39633835356332376266353463396239653366636262306332376166663063313562343632363863
38643239373633363437333663363732333664323165663938633836363664346165393131653136
61383135663036663163653866343964306339643166323662656331323564616232353239363365
35323764626461396639353038343066303538356463623030373233353262313038646232373032
30646339643835333938303263383536633339643462356533366666376533333930663839633732
33383230333135663236636434393838343431636264333365623365366238653934353838636334
66306537353861303461333930343637373464363364363436303632326634386561363236626462
37653231323136393936303030343335326430363532313465653031363365643365656561656536
61653961393931643136396661346634653764663063393630643366363637626531366466346664
64323435656133656537306661643939393730343532303862646339626137336434316263383133
61383365353761346262663533323731383961653565326433386435356131386266323361393464
33396663313638343932356465333365373061623039343031323932613136623838396162633631
66653731333837363735376230646232373130333933643832666631306434633566346338313931
61393134393061663461323966303465356565656137616564383962616163623261366465383963
38386339663433323737636466383138623435363834376134373435363865333037316538346232
65333239353966656235613463303361643862353232646335313938343236613737363666636261
33653931613861396337373935383033373634303133336466363331366366343962626130313331
61383064643361336339626535336536643035653837346538333339356136646262343866326337
32336264346265326564653565323635353366326134343533633564633961636636346430333533
39373039343136633231653935633531396432353230313138326231643538333736316630343563
35373036386535386532383239393466636135646439323033623833613439623936613139623961
39366264663265316163356662323061373162663631303562623530663363386532306563303562
32306437333133636136383434313630373436303765373763623534663766313237326337326337
62623033323563616239393530316331333534343664663739383332346535663937663864356230
38373566393963373331653130353930333739666138613965663265366661373065633534626264
65646636616664656335393064323239313765306662343838663634333736373462386434653332
62643864623436353130323632663466353238393033376265393837396133306632663463393337
35663635333266616434396366623736303462313133373366653164633339363433323265333661
63633365376163666637663635623733363237343962393836316239316637326637303861333435
63303537323565616466383163643666666235383966343561383438373238393934626130656536
62356637643136303834643338373038393539313634663335623065656334306333393462373438
61333234336266653536323865663964393136663035313537623438346637646239323138396635
64336364623835313464323636313562656238383763663533656638306535616534386338393735
39613564326532373836363834653034626637376661653135353536303235353266393536653431
66376661333639343161633533373165333039373434323465333333613431353034613138666561
65393132313032326230376632363565393938653530336436323831636236393865656665353033
38666132306536383032653366643431316433656334633138656238323535373839323763613431
62353166323034613266626261366539333739616236333662356233396534326137383532653666
34316630366230313063346238653033313537663330303039636532353166363430343232616339
62343036303337323935643931313433646661646361353137363837613633323336346164383264
37303535663464323466616330313036363661356139303534333035333831333663383531303665
34306365353034396661613631666439646537303636393335323538396638346631623833633133
38326633613664666334616337303135346162393766313163323433366664373235366335383137
39663633303030343661363865323030343438316263303731353039363265383166356663313030
36376234383163653861313864353062323266663631353364376635346136643733336330616564
36356439653166363138663634313361333735343835343461656535373234393632313238656666
33343462643364623235333235663439613035346262366339353261373732663837383031383565
66366462633761653462376331346432383739386661666661306137666161656630363366333937
35616231316539353166316235636436636134626531613263386336623532373131663534383637
66613733656565666538356161643762366561643233346435643264316137386433333131636136
31306635643832636562633064393361383464666463396132363661363630643939643966633339
36393039636363363763373136323039346434666437363664623535303639363434326166636463
34393937393664653061313931393862633237623730363533656262306365333664373132386336
32653030396261396531663236343738653136303262303865633161323831303535373338356533
63396634363136323164666131666165343339396564316230353230366331663732326262363566
32353862613930396131343362646365323062653362373933356535383036303935366465626236
62383963343262306264343832393265303265633661386238393662323866336266306166666232
64646532333436383931336335616338323437623330663839313462663732643265373062623032
39643434306334643831343430373762336339613930373063306338313837626336623930366161
32626438343165653864623630363632666137633839393032643535613661623562363232636462
64323139646263653361653465626565613766613866373332613464333031613866336637366463
34363064353265663565316466363366643333633162346164383363393033636430616233366362
61373539326466306432376363643834643464393536366461333535626632323933353731623563
37353431343565326361626332643430376661316630376533316332393930323337643265356265
61646232623332336639626465303431363764363934366134633236613339616233656530363632
35333236613737663638633264323263343536666439646235336132613433306461326336616134
39616262616136636431353633343866313335616361393863643234336533363330373530323136
36303363346365333136303261633562323161306161623835306636363537373633346634663662
62333365373133376366366633636236393735653431623339366636666333303034326531633537
64656564613336363635313266363433626264653637323363643361653334313235616233663261
31613231323261633335346132666234316562373763633931623231376663373766383638346264
39383662333065626566653636333435356232356433613261326238386436303062616239303566
64396566363233613666336163353631626263643230613235633162383464663935343931373638
30633465393761376630643965643433653866663439396465393863326535663533396539366237
30303237383032626138646139373437356139373232383436643564323134646330633532393732
62333133363733336364343330336134343465343932353839656136363531393363323533383733
66373832313635616536666134643762613733323030376130623234333833663737623335353765
66626466636563623566333334323032383639326332303939643136313633636135356239396433
64613833646631393335313439633866653134333766383762366162303964383838323536613461
36356166633732373638616431336137613433356266326165323936653732336264613936383938
39336231626366653031623861393932636533306334613433343661653639393235643164643434
39303463636430613764343638326561316363343866353935616265386439393533366237376266
61393462663935363735613033333731393032363338356130353039663939316464366534626136
30373565326433363031333666303435343436346136306137306532386230336265613437363037
61353161666639383033303933303134616632303563393535643366373235383532323935616662
36643335363838303864363533386135653234386636313234653564353938363065626137396661
66643162386631326230313936633238326132316539393432383439313335656438663463393262
36373533376133626534636533363232633963633434336437666533333330633066366131303236
65616439396431373639613362343266346530393338346137616535303838353066353964316334
36323861653732643166366434336530613966626234623738363230383834613037306163663831
38366536393162386532323339386136396633333763343164306339653234653132
